
61 73 
64 76 
38 50 62 66 69 78 
62 66 69 78 
50 62 66 69 78 
62 69 
62 64 69 76 
50 64 76 
40 52 64 66 68 71 78 
62 64 66 68 71 78 
52 64 66 68 71 78 
62 64 68 71 
62 64 68 71 76 
52 64 76 
42 54 66 69 73 78 
66 69 73 81 
54 64 69 73 76 
64 66 69 73 76 
66 69 73 
66 69 73 78 
54 66 78 
45 57 61 64 69 73 
59 64 69 71 73 
57 61 64 69 73 
61 64 69 73 
64 69 73 
64 69 73 76 
57 61 73 
66 69 73 85 
54 69 73 81 
66 69 71 73 83 
54 71 83 
45 57 64 66 69 73 78 
64 66 69 73 78 
62 66 69 
62 64 66 69 76 
50 62 64 66 69 76 
50 62 66 69 
62 64 76 
64 68 69 71 81 
52 64 68 71 76 
64 68 71 76 
64 68 71 
64 66 68 71 78 
61 64 68 71 73 
52 59 64 68 71 
59 64 68 71 
57 64 68 69 71 
52 57 64 68 69 71 
59 64 71 
57 64 69 
42 54 61 66 69 73 
61 66 69 73 
54 66 69 73 81 
54 66 69 73 78 
54 66 69 73 85 
66 73 85 
42 54 66 69 71 73 83 
54 66 69 71 73 83 
42 49 57 66 69 73 78 
30 42 66 73 78 
42 54 66 73 78 
42 54 
42 66 73 78 
30 42 69 78 81 
42 
42 54 71 80 83 
42 54 73 81 85 
66 73 78 
42 54 64 71 76 
30 42 64 71 76 
26 38 66 73 78 
38 50 66 73 78 
38 50 
38 66 73 78 
25 37 38 49 53 56 66 73 78 
37 38 49 56 74 81 86 
25 37 38 56 74 81 86 
38 56 
37 49 56 73 80 85 
37 49 73 80 85 
30 42 78 85 90 
42 73 81 85 
42 69 78 81 
42 68 76 80 
28 40 42 47 64 71 76 
54 
37 
54 78 
42 78 
54 76 
76 
37 76 
49 73 
37 73 
49 76 
73 
49 
38 
50 
50 78 
38 78 
50 76 
50 80 
38 81 
50 81 88 92 95 
38 80 
38 80 88 92 95 
50 80 88 92 95 
38 78 88 
38 78 90 
50 80 92 
50 78 93 
78 93 
38 76 97 
38 76 95 
50 76 93 
50 76 92 
42 92 
54 92 
92 
54 78 92 
42 78 92 
54 76 92 
76 92 
42 76 92 
45 76 
57 73 
45 73 
57 76 
40 73 
52 73 
57 62 66 74 76 81 86 
57 62 66 74 78 81 86 
59 64 68 76 83 88 
59 64 68 76 78 83 88 
78 
80 
45 63 75 78 81 
57 63 75 78 81 
63 
35 63 76 83 
59 63 76 83 
51 63 76 83 
54 63 78 
51 63 78 
63 78 
47 63 78 
42 63 78 
30 42 71 76 
30 42 73 78 
73 78 
42 73 78 
54 57 81 85 
42 80 83 
54 57 80 83 
80 83 
54 57 73 78 
50 54 73 78 
50 54 81 85 
50 54 80 83 
50 54 
40 
52 56 80 83 
40 80 83 
39 78 82 
52 56 76 81 
52 56 73 78 
40 73 78 
52 56 71 76 
42 71 76 
54 57 69 73 78 
42 69 73 78 
54 57 71 73 76 78 
54 57 71 76 
38 73 78 
38 80 83 
40 52 
40 52 80 83 
28 80 83 
44 47 78 82 
56 59 76 81 
56 59 73 78 
40 71 76 
71 76 
37 71 76 
34 46 73 78 
37 49 73 78 
46 73 78 
42 54 71 76 
49 71 76 
46 58 73 78 
54 73 78 
49 61 73 78 
58 73 78 
54 66 73 78 
61 73 78 
58 70 73 
66 76 
26 38 74 78 
50 54 74 78 
38 74 78 
54 57 74 78 
81 85 
38 81 85 
40 81 85 
52 56 81 85 
56 59 81 85 
56 59 81 
40 81 
28 40 80 83 
52 56 78 81 
56 59 80 83 
57 61 73 78 
57 61 76 
42 76 
74 78 
50 54 74 78 81 
50 54 74 78 86 
38 81 85 90 
54 57 81 85 86 
40 76 80 83 
52 56 76 81 83 
52 56 76 81 88 
40 73 78 92 
56 59 73 78 83 
56 59 71 76 88 
40 71 76 92 
26 38 73 78 
26 38 73 78 81 
73 78 81 
50 54 73 78 85 
50 54 73 78 90 
38 73 78 93 
54 57 73 78 85 
54 57 78 81 90 
78 81 
38 78 81 93 
28 40 76 80 83 
52 56 80 83 88 
40 80 83 92 
56 59 80 83 88 
40 92 
26 38 
45 50 54 57 73 78 
38 50 54 57 71 76 
38 50 54 57 
38 71 76 
28 40 73 78 
28 40 
28 40 81 85 
52 56 59 81 85 
52 56 59 78 81 
28 40 78 80 83 
28 40 80 81 83 
81 
52 56 78 81 85 
52 56 80 83 90 
40 80 83 93 
56 59 80 83 85 
56 59 81 85 90 
40 81 85 93 
33 45 76 81 85 
33 45 81 85 
57 61 81 85 
57 61 81 85 88 
45 81 85 93 
61 64 81 85 
61 64 71 76 88 
45 71 76 93 
26 38 78 81 
45 50 54 57 78 81 
52 56 59 
30 42 78 81 
30 42 
30 42 76 80 85 
30 42 76 80 90 
40 73 78 93 
40 73 78 85 
52 71 76 90 
52 71 76 93 
30 42 73 78 97 
30 42 73 78 93 
30 42 73 78 90 
30 42 73 78 85 
54 73 78 90 
54 73 78 85 
42 73 78 81 
37 38 49 56 73 80 85 
42 71 80 83 
38 42 45 50 54 74 78 86 90 
38 42 45 50 54 57 74 78 86 90 
38 42 45 49 50 54 69 74 90 
38 42 45 49 50 54 57 69 74 78 86 90 
38 42 45 50 54 69 74 78 86 90 
38 42 45 50 54 57 69 74 78 86 90 
38 42 45 50 54 57 69 74 78 81 85 93 97 
54 57 
40 44 47 52 56 61 73 78 85 97 
40 44 47 52 56 59 61 73 78 85 97 
40 44 47 49 52 56 64 69 76 85 97 
40 44 47 49 52 56 59 64 69 76 85 97 
40 44 47 52 56 57 69 76 85 97 
40 44 47 52 56 57 76 85 97 
40 44 47 52 56 57 59 69 76 85 97 
40 44 47 52 54 56 69 76 78 81 85 93 
40 44 47 52 54 56 59 69 76 78 81 85 93 
56 59 81 93 
45 49 54 57 61 66 69 73 76 80 83 92 95 
49 54 57 61 66 69 73 78 81 90 93 
49 54 57 61 66 69 73 78 80 83 92 95 
49 52 54 57 61 66 69 73 80 83 92 95 
52 57 61 66 69 73 80 83 92 95 
49 52 54 57 61 66 69 73 78 80 83 92 95 
49 54 57 61 66 69 73 76 78 81 85 93 97 
49 54 57 61 66 69 73 81 85 93 97 
69 73 
49 52 57 61 64 66 69 73 78 85 90 
52 57 61 64 66 69 73 78 85 90 
49 52 57 61 64 69 73 76 88 
49 52 61 64 76 88 
38 50 54 57 62 66 69 74 78 86 90 
42 50 54 57 62 66 69 74 78 86 90 
45 50 54 57 62 66 69 73 81 85 93 97 
50 54 57 62 66 69 73 78 81 85 93 97 
69 73 81 85 93 97 
28 35 40 50 78 80 83 92 95 
28 35 40 42 52 56 76 81 88 93 
28 35 40 54 73 78 85 90 
28 35 40 54 56 59 73 78 85 90 
28 35 40 42 56 59 71 76 80 83 88 
28 35 40 42 71 76 80 83 88 
30 37 38 42 50 73 78 81 85 90 
30 37 42 50 62 66 73 78 81 85 90 
30 37 42 50 57 73 78 81 85 90 
30 37 42 50 54 57 73 78 80 85 90 
30 37 42 54 57 59 62 78 80 81 90 93 
28 35 40 78 80 83 92 95 
28 35 40 52 56 80 83 92 95 
28 35 40 47 52 78 80 83 92 95 
28 35 40 56 59 76 80 83 92 95 
28 35 40 49 52 56 59 76 80 83 92 95 
26 30 38 42 45 50 78 85 90 
42 45 50 54 78 85 90 
42 45 50 78 85 90 
38 45 49 50 54 57 78 85 90 
42 45 47 50 76 78 83 88 
76 83 88 
28 30 40 42 47 52 78 85 90 
42 47 52 56 76 81 85 93 97 
42 47 52 76 81 85 93 97 
40 47 49 52 54 57 76 81 85 93 97 
40 47 49 52 54 57 76 
42 47 49 52 78 81 90 93 
30 33 42 45 49 54 76 80 83 92 95 
45 49 54 57 73 78 81 90 93 
45 49 54 73 80 83 92 95 
42 49 52 54 57 61 73 80 83 92 95 
45 49 50 54 76 81 85 93 97 
45 49 50 54 73 81 85 93 97 
33 45 52 73 81 85 93 97 
45 52 57 61 73 81 85 93 97 
45 52 73 81 85 93 97 
45 52 54 57 76 83 88 
35 42 49 54 57 62 66 74 76 78 81 85 86 90 
35 42 49 54 57 62 66 74 78 81 86 90 93 
35 42 49 54 78 81 90 93 
35 42 49 54 
35 42 49 54 76 83 88 
38 45 50 59 64 68 73 76 78 83 85 88 90 
38 45 50 59 64 68 76 78 81 83 85 88 93 97 
38 45 50 81 85 93 97 
38 45 50 
38 45 50 78 81 85 93 97 
38 45 50 80 83 92 95 
40 45 47 52 57 63 75 78 81 90 93 
40 47 49 52 54 57 61 63 75 76 78 80 81 88 92 
35 40 45 47 52 57 63 73 76 78 83 85 90 
35 40 47 52 63 73 76 78 83 85 90 
35 40 47 49 52 54 61 63 73 76 78 83 85 90 
40 47 49 52 54 59 61 63 71 76 83 88 
40 45 47 51 52 57 63 71 76 83 88 
42 49 54 61 63 73 78 85 90 
42 45 49 51 54 57 63 73 78 85 90 
42 49 51 54 61 63 73 78 85 90 
42 47 49 54 61 63 73 78 85 90 
42 45 47 49 54 57 63 73 78 85 90 
42 49 54 61 76 78 83 88 
26 30 38 42 49 54 71 76 78 85 90 
30 42 49 50 54 57 73 78 81 90 93 
28 40 42 49 54 73 78 81 90 93 
28 40 42 49 54 
42 49 52 54 56 57 59 76 81 83 85 88 
28 38 40 42 45 50 73 78 80 83 85 90 
38 45 50 52 54 56 57 80 81 83 85 93 97 100 
38 40 42 45 50 80 81 83 85 93 97 100 
38 42 45 50 56 59 80 81 83 85 93 97 100 
38 42 45 50 56 59 80 83 
38 45 50 54 56 57 59 73 76 78 85 88 93 97 100 
38 40 45 50 54 57 71 73 74 78 81 85 90 93 97 
26 38 40 42 47 52 68 71 73 78 80 83 92 95 
40 47 50 52 54 57 68 71 73 78 80 83 92 95 
28 40 42 47 52 69 73 78 81 85 93 97 
40 47 50 52 54 56 59 71 76 81 83 85 88 95 100 
50 52 54 56 59 71 76 81 83 85 88 95 100 
30 42 49 54 73 78 80 83 90 102 
40 42 49 50 54 73 80 83 90 
42 49 50 52 54 73 80 83 90 
30 42 49 54 73 80 83 100 
30 42 49 54 73 80 83 93 97 
30 42 49 54 73 80 83 86 
42 49 50 54 80 83 
42 50 54 73 
66 
46 
61 
56 59 
52 56 
57 61 
56 59 71 76 
26 38 61 66 73 78 
50 54 61 66 73 78 
38 61 66 73 78 
54 57 61 66 73 78 
54 57 66 69 78 81 
38 66 69 78 81 
40 68 71 80 83 
52 56 68 71 80 83 
56 59 68 71 80 83 
54 57 59 64 71 76 
38 59 64 71 76 
40 61 66 73 78 
52 56 69 73 81 85 
40 69 73 81 85 
56 59 69 73 81 85 
56 59 66 69 78 81 
40 66 69 78 81 
28 40 68 71 80 83 
52 56 66 69 78 81 
42 69 73 81 85 
54 59 69 73 81 85 
57 61 69 73 81 85 
57 59 61 64 71 76 
42 59 64 71 76 
26 38 61 66 78 
26 38 66 69 78 81 
66 69 78 81 
45 50 54 57 66 69 78 81 
50 54 57 
38 50 54 57 59 64 71 76 
28 40 61 66 73 78 
28 40 69 73 81 85 
69 73 81 85 
52 56 59 69 73 81 85 
52 56 59 68 71 80 83 
45 57 66 69 78 81 
49 54 61 64 68 76 80 85 
49 54 61 64 68 76 80 
49 54 61 64 68 76 80 90 
45 57 61 66 73 78 93 
49 54 61 66 73 78 85 
49 54 61 
49 54 61 64 71 76 90 
45 57 61 64 71 76 93 
49 54 61 66 73 78 93 
45 57 61 66 73 78 90 
61 66 73 78 
49 54 61 66 73 78 90 
45 57 61 66 73 78 85 
49 54 61 66 73 78 81 
49 54 61 78 
38 90 
38 76 78 
38 88 90 
38 73 76 
38 85 88 
38 71 73 
38 83 85 
38 69 73 
38 64 69 
38 76 81 
76 81 
30 42 64 76 
30 42 76 
30 42 66 78 
66 78 85 88 
42 66 78 90 
42 66 78 
49 54 66 78 
50 54 78 
42 88 
42 81 
42 90 
85 88 
49 54 78 
49 54 76 
42 64 
42 66 
42 68 76 78 
42 88 90 
42 73 76 
42 85 88 
49 54 71 73 
49 54 83 85 
42 71 73 
42 83 85 
30 69 73 
30 81 85 
30 64 69 
30 76 81 
42 68 
49 54 78 85 90 
49 54 76 83 88 
49 54 73 80 85 
42 71 78 83 
42 69 76 81 
30 73 78 85 90 
33 
35 66 71 78 83 
35 64 69 76 81 
37 61 66 73 78 
38 50 73 80 85 
38 50 71 78 83 
38 50 69 76 81 
62 66 73 78 
62 64 71 76 
61 68 73 
62 78 
62 85 
62 88 
62 81 
50 73 
62 73 
62 
62 76 
40 52 64 68 71 76 
40 52 64 68 71 73 
40 52 64 68 71 
40 52 64 68 69 71 
40 52 64 68 71 78 
64 73 
42 54 66 69 73 76 
42 54 66 69 71 73 
42 54 66 69 73 
42 54 66 68 69 73 
42 54 64 66 69 73 
42 54 59 66 69 73 
59 66 
56 66 
40 52 57 
40 52 61 
64 
64 66 
52 64 
64 69 
52 71 
64 71 
64 78 
52 80 
64 81 
64 83 
38 50 83 
62 83 
83 
50 83 
50 85 
40 52 81 
52 83 
64 85 
52 85 
64 80 
52 76 
42 54 88 
42 54 85 
66 88 
88 
54 88 
66 86 
86 
54 85 
66 83 
66 81 
54 80 
66 78 
54 74 
66 73 
66 71 
52 78 
64 69 73 78 
52 69 73 78 
52 71 76 78 
64 71 76 78 
64 71 76 90 93 
64 73 78 90 93 
52 73 78 90 93 
64 81 85 90 93 
64 81 85 
50 80 83 
62 80 83 
50 73 78 
62 73 78 
62 81 85 
38 50 80 83 
52 81 
52 88 
64 88 
37 49 92 
61 92 
49 90 
61 90 
61 88 
49 88 
49 69 73 90 
61 69 73 90 
90 
61 71 76 90 
37 49 71 76 90 
37 49 71 76 85 
61 73 78 92 
61 73 78 85 
49 73 78 93 
61 81 85 92 
81 85 92 
49 81 85 
61 80 83 93 
61 80 83 85 
49 80 83 92 
49 80 83 85 
61 73 78 95 
38 50 73 78 
50 81 85 
64 68 71 80 83 
52 68 71 80 83 
64 66 70 78 82 
66 70 78 82 
52 66 70 78 82 
52 64 69 76 81 
61 64 66 69 73 76 78 
61 64 66 73 78 
52 61 66 73 78 
52 59 64 71 76 
28 35 40 59 64 71 76 
35 47 59 64 71 76 
35 47 
32 44 47 59 61 66 73 78 
40 59 61 66 73 78 
35 47 61 64 66 73 76 78 
44 61 66 73 76 78 
40 52 59 64 71 76 88 
59 64 71 76 88 
47 59 64 71 76 88 100 
44 56 61 66 73 78 88 92 98 
52 61 66 73 76 78 80 86 
52 61 64 66 68 73 74 78 
47 52 56 59 61 62 66 73 78 
40 44 50 56 61 66 73 78 
28 33 37 41 61 66 73 78 
34 39 43 61 66 73 78 
26 32 39 44 56 73 85 
44 56 
44 56 68 76 88 
30 42 73 78 85 90 
42 49 54 73 78 85 90 
30 42 78 81 90 93 
42 49 54 80 83 92 95 
42 49 54 81 85 93 97 
42 49 54 71 76 83 88 
30 42 71 76 83 88 
71 76 83 88 
42 49 54 73 78 85 88 
26 38 73 78 85 90 
38 45 50 73 78 85 90 
25 37 73 78 85 90 
37 44 49 74 81 86 93 
25 37 74 81 86 93 
74 81 86 93 
25 37 
37 41 49 80 85 92 97 
30 42 66 73 78 85 90 
42 49 54 66 73 78 85 90 
30 42 66 78 81 90 93 
30 42 66 73 78 81 90 93 
30 42 54 66 73 78 85 90 97 102 
42 49 54 66 73 78 81 85 93 97 
42 49 54 66 71 73 78 80 83 92 95 
42 49 54 66 73 78 90 
30 42 54 66 73 78 85 90 
42 49 54 64 66 71 73 76 78 83 88 
30 42 54 64 66 71 73 76 78 83 88 
30 42 54 66 69 73 78 81 90 93 
42 49 54 71 80 83 92 95 
42 49 54 73 81 85 93 97 
49 54 57 61 66 69 73 78 85 90 
47 52 55 59 64 71 76 83 88 
24 35 45 52 59 65 83 86 88 96 101 
24 35 45 52 59 65 81 88 96 98 
26 33 36 43 52 59 65 67 81 88 96 100 
26 33 36 43 55 65 71 72 74 84 96 
26 33 36 43 
28 31 38 41 
29 40 
